ASC2_class1 = -16.66669568671617
ASC2_class2 = 37.0744746621985
ASC2_class3 = 474.22443247176557
ASC2_class4 = 83.74254313563361
ASC3_class1 = 7.848258812324522
ASC3_class2 = 3.246397476140279
ASC3_class3 = 18.047386713409484
ASC3_class4 = -4.878907347268189
ASC4_class1 = -10.970406459121277
ASC4_class2 = 363.6363752026081
ASC4_class3 = 19.866270190322027
ASC4_class4 = 83.40326164339282
B_FEAT_class1 = -1.5355900722267097
B_FEAT_class2 = -57.65730710367737
B_FEAT_class3 = 26.411489068038783
B_FEAT_class4 = 9.03715561563705
B_PRICE_class1 = -98.491325524899
B_PRICE_class2 = -3801.7965235401443
B_PRICE_class3 = -4741.965580527197
B_PRICE_class4 = 28.397014565844074
PI_1 = 0.9999
PI_2 = 0.8739175337872815
PI_3 = 0.7802929301154501
