ASC2_class1 = -21.389363388591807
ASC2_class2 = 7.526902370729274
ASC2_class3 = 600.9617108271286
ASC2_class4 = 3.574518393517894
ASC2_class5 = 23.30647129835883
ASC3_class1 = 3.1042760709368014
ASC3_class2 = 3.473050049430673
ASC3_class3 = 5.03060137215886
ASC3_class4 = 829.8290179569617
ASC3_class5 = -14.210921751678063
ASC4_class1 = -21.31020345824149
ASC4_class2 = 462.4004280638516
ASC4_class3 = 591.8637944453027
ASC4_class4 = 3.665763946220475
ASC4_class5 = 23.368857748506326
B_FEAT_class1 = -1.6615944801585416
B_FEAT_class2 = -73.2228499863787
B_FEAT_class3 = 35.700097656568346
B_FEAT_class4 = 4.162573295494276
B_FEAT_class5 = 7.606151233399715
B_PRICE_class1 = -41.83987023191661
B_PRICE_class2 = -4831.678958375077
B_PRICE_class3 = -6050.322736213622
B_PRICE_class4 = -12435.036884057627
B_PRICE_class5 = -21.954654381974393
PI_1 = 0.0001
PI_2 = 0.9999
PI_3 = 0.9999
PI_4 = 0.9999
