ASC2_class1 = -1.0247202995633995
ASC2_class2 = 280.0369696386091
ASC2_class3 = -605.0100550548591
ASC3_class1 = 222.88197977439884
ASC3_class2 = 0.8583443038574378
ASC3_class3 = -609.2836938839259
ASC4_class1 = -2.9224452383827044
ASC4_class2 = 279.78134964514277
ASC4_class3 = -604.2199922892273
B_FEAT_class1 = 13.754882270797998
B_FEAT_class2 = 19.727004738303766
B_FEAT_class3 = -613.9333243489891
B_PRICE_class1 = -3317.95394748772
B_PRICE_class2 = -2799.98928650577
B_PRICE_class3 = 9678.824025431744
PI_1 = 0.7300893740492098
PI_2 = 0.9999
