ASC2_class1 = 12.624470637287898
ASC2_class2 = -158.2734401933675
ASC3_class1 = 12.624169373958713
ASC3_class2 = 42.9621611626174
ASC4_class1 = 12.624470636546365
ASC4_class2 = -185.7793605997845
B_FEAT_class1 = -2.4281815466017878
B_FEAT_class2 = -19.040364536147276
B_PRICE_class1 = -139.76695664219554
B_PRICE_class2 = -115.3597045833974
PI_1 = 0.9999
